2,       0.0;
15856,       0.0;
19998,       0.0;
19998,  0.613654;
19998,       0.0;
19998,       0.0;
19997,  0.613684;
19998,       0.0;
19999,  0.613623;
19997,       0.0;
19998,       0.0;
19998,       0.0;
19999,  0.613623;
19996,       0.0;
19998,       0.0;
19998,       0.0;
19998,       0.0;
19999,  0.613623;
19998, 0.1840961;
19998, 0.3068268;
19997,       0.0;
19997,       0.0;
19998,       0.0;
19998,       0.0;
19998,       0.0;
19998,       0.0;
19998,       0.0;
19998,       0.0;
19997,       0.0;
19998,       0.0;
19998,       0.0;
19998,       0.0;
19998,       0.0;
19998,       0.0;
19998,       0.0;
19998,       0.0;
19997,       0.0;
19998,       0.0;
19998,       0.0;
19998,       0.0;
19998,       0.0;
19998,       0.0;
19998,       0.0;
19997,       0.0;
19998,       0.0;
19998,       0.0;
19998,       0.0;
19998,       0.0;
19998,       0.0;
19998,       0.0;
19998,       0.0;
19997,       0.0;
19998,       0.0;
19998,       0.0;
19998,       0.0;
19998,       0.0;
19998,       0.0;
19998,       0.0;
19997,       0.0;
19998,       0.0;
19998,       0.0;
19998,       0.0;
19998,       0.0;
19998,       0.0;
19998,       0.0;
19998,       0.0;
19997,       0.0;
19998,       0.0;
19998,       0.0;
19998,       0.0;
19998,       0.0;
19998,       0.0;
19998,       0.0;
19997,       0.0;
19998,       0.0;
19998,       0.0;
19998,       0.0;
19998,       0.0;
19998,       0.0;
19998,       0.0;
19998,       0.0;
19997,       0.0;
19998,       0.0;
19998,       0.0;
19998,       0.0;
19998,       0.0;
19998,       0.0;
19998,       0.0;
19997,       0.0;
19998,       0.0;
19998,       0.0;
19998,       0.0;
19998,       0.0;
19998,       0.0;
19998,       0.0;
19998,       0.0;
19997,       0.0;
19998,       0.0;
19998,       0.0;
19998,       0.0;
19998,       0.0;
19998,       0.0;
19998,       0.0;
19997,       0.0;
19998,       0.0;
19998,       0.0;
19998,       0.0;
19998,       0.0;
19998,       0.0;
19998,       0.0;
19998,       0.0;
19997,       0.0;
19998,       0.0;
19998,       0.0;
19998,       0.0;
19998,       0.0;
19998,       0.0;
19998,       0.0;
19997,       0.0;
19998,       0.0;
19998,       0.0;
19998,       0.0;
19998,       0.0;
19998,       0.0;
19998,       0.0;
19998,       0.0;
19997,       0.0;
19998,       0.0;
19998,       0.0;
19998,       0.0;
19998,       0.0;
19998,       0.0;
19998,       0.0;
19997,       0.0;
19998,       0.0;
19998,       0.0;
19998,       0.0;
19998,       0.0;
19998,       0.0;
19998,       0.0;
19998,       0.0;
19997,       0.0;
19998,       0.0;
19998,       0.0;
19998,       0.0;
19998,       0.0;
19998,       0.0;
19998,       0.0;
19997,       0.0;
19998,       0.0;
19998,       0.0;
19998,       0.0;
19998,       0.0;
19998,       0.0;
19998,       0.0;
19997,       0.0;
19998,       0.0;
19998,       0.0;
19998,       0.0;
19998,       0.0;
19998,       0.0;
19998,       0.0;
19998,       0.0;
19997,       0.0;
19998,       0.0;
19998,       0.0;
19998,       0.0;
19998,       0.0;
19998,       0.0;
19998,       0.0;
19998,       0.0;
19997,       0.0;
19998,       0.0;
19998,       0.0;
19998,       0.0;
19998,       0.0;
19998,       0.0;
19998,       0.0;
19997,       0.0;
19998,       0.0;
19998,       0.0;
19998,       0.0;
19998,       0.0;
19998,       0.0;
19998,       0.0;
19998,       0.0;
19997,       0.0;
19998,       0.0;
19998,       0.0;
19998,       0.0;
19998,       0.0;
19998,       0.0;
19998,       0.0;
19997,       0.0;
19998,       0.0;
19998,       0.0;
19998,       0.0;
19998,       0.0;
19998,       0.0;
19998,       0.0;
19998,       0.0;
19997,       0.0;
19998,       0.0;
19998,       0.0;
19998,       0.0;
19998,       0.0;
19998,       0.0;
19998,       0.0;
19997,       0.0;
19998,       0.0;
19998,       0.0;
19998,       0.0;
19998,       0.0;
19998,       0.0;
19998,       0.0;
19998,       0.0;
19997,       0.0;
19998,       0.0;
19998,       0.0;
19998,       0.0;
19998,       0.0;
19998,       0.0;
19998,       0.0;
19997,       0.0;
19998,       0.0;
19998,       0.0;
19998,       0.0;
19998,       0.0;
19998,       0.0;
19998,       0.0;
19997,       0.0;
19998,       0.0;
19998,       0.0;
19998,       0.0;
19998,       0.0;
19998,       0.0;
19998,       0.0;
19998,       0.0;
19997,       0.0;
19998,       0.0;
19998,       0.0;
19998,       0.0;
19998,       0.0;
19998,       0.0;
19998,       0.0;
19998,       0.0;
19997,       0.0;
19998,       0.0;
19998,       0.0;
19998,       0.0;
19998,       0.0;
19998,       0.0;
19998,       0.0;
19997,       0.0;
19998,       0.0;
19998,       0.0;
19998,       0.0;
19998,       0.0;
19998,       0.0;
19998,       0.0;
19997,       0.0;
19998,       0.0;
19998,       0.0;
19998,       0.0;
19998,       0.0;
19998,       0.0;
19998,       0.0;
19998,       0.0;
19997,       0.0;
19998,       0.0;
19998,       0.0;
19998,       0.0;
19998,       0.0;
19998,       0.0;
19998,       0.0;
19997,       0.0;
19998,       0.0;
19998,       0.0;
19998,       0.0;
19998,       0.0;
19998,       0.0;
19998,       0.0;
19999,  0.613623;
19996,       0.0;
19998,       0.0;
19998,       0.0;
19998,       0.0;
19998,       0.0;
19998,       0.0;
19998,       0.0;
19997,       0.0;
19998,       0.0;
19998,       0.0;
19998,       0.0;
19998,       0.0;
19998,       0.0;
19998,       0.0;
19998,       0.0;
19998,       0.0;
19997,       0.0;
19998,       0.0;
19998,       0.0;
19998,       0.0;
19998,       0.0;
19998,       0.0;
19998,       0.0;
19997,       0.0;
19998,       0.0;
19998,       0.0;
19998,       0.0;
19998,       0.0;
19998,       0.0;
19998,       0.0;
19997,       0.0;
19998,       0.0;
19998,       0.0;
19998,       0.0;
19998,       0.0;
19998,       0.0;
19998,       0.0;
19998,       0.0;
19997,       0.0;
19998,       0.0;
19998,       0.0;
19998,       0.0;
19998,       0.0;
19998,       0.0;
19998,       0.0;
19997,       0.0;
19998,       0.0;
19998,       0.0;
19998,       0.0;
19998,       0.0;
19998,       0.0;
19998,       0.0;
19998,       0.0;
19997,       0.0;
19998,       0.0;
19998,       0.0;
19998,       0.0;
19998,       0.0;
19998,       0.0;
19998,       0.0;
19997,       0.0;
19998,       0.0;
19998,       0.0;
19998,       0.0;
19998,       0.0;
19998,       0.0;
19998,       0.0;
19998,       0.0;
19997,       0.0;
19998,       0.0;
19998,       0.0;
19998,       0.0;
19998,       0.0;
19998,       0.0;
19998,       0.0;
19997,       0.0;
19998,       0.0;
19998,       0.0;
19998,       0.0;
19998,       0.0;
19998,       0.0;
19998,       0.0;
19998,       0.0;
19997,       0.0;
19998,       0.0;
19998,       0.0;
19998,       0.0;
19998,       0.0;
19998,       0.0;
19998,       0.0;
19997,       0.0;
19998,       0.0;
19998,       0.0;
19998,       0.0;
19998,       0.0;
19998,       0.0;
19998,       0.0;
19998,       0.0;
19997,       0.0;
19998,       0.0;
19998,       0.0;
19998,       0.0;
19998,       0.0;
19998,       0.0;
19998,       0.0;
19997,       0.0;
19998,       0.0;
19999, 0.1227246;
19997,       0.0;
19998,       0.0;
19998,       0.0;
19998,       0.0;
19998,       0.0;
19997,       0.0;
19998,       0.0;
19998,       0.0;
19998,       0.0;
19998,       0.0;
19998,       0.0;
19998,       0.0;
19998,       0.0;
19997,       0.0;
19998,     