19998,       0.0;
19998,       0.0;
19998,       0.0;
19997,       0.0;
19998,       0.0;
19998,       0.0;
19998,       0.0;
19998,       0.0;
19998,       0.0;
19998,       0.0;
19998,       0.0;
19997,       0.0;
19998,       0.0;
19998,       0.0;
19998,       0.0;
19998,       0.0;
19998,       0.0;
19998,       0.0;
19998,       0.0;
19997,       0.0;
19998,       0.0;
19998,       0.0;
19992,       0.0;
19998,  0.518982;
19998, 0.1838846;
19997, 0.5523159;
19998,0.11045766;
19998, 0.2454615;
19998, 0.9818459;
19998, 0.4909229;
19998,0.18409610;
19998, 0.7977498;
19998,0.17182303;
19997,0.11046319;
19998,0.20864225;
19998,0.16568649;
19998,0.17182303;
19998,0.20250571;
19998,0.20250571;
19998,0.21477879;
19997,0.25774743;
19998,0.20864225;
19998,0.29455377;
19998,0.22705186;
19998,0.30069030;
19998,0.25159801;
19998,0.33750952;
19998,0.30682684;
19997,0.33752640;
19998,0.35591913;
19998,0.36205567;
19998,0.38660182;
19998,0.40501143;
19998,0.41114797;
19998,0.42955758;
19997,0.43571590;
19998,0.44183065;
19998,0.44183065;
19998,0.46024026;
19998,0.47864987;
19998,0.47864987;
19998,0.48478641;
19998,0.50319602;
19997,0.50935803;
19998,0.52160563;
19998,0.53387870;
19998,0.57069792;
19998,0.54001524;
19998,0.56456139;
19998,0.55228831;
19998,0.57069792;
19997,0.58300015;
19998,0.58910753;
19998,0.60751714;
19998,0.61979022;
19998,0.62592675;
19998,0.64433636;
19998,0.63206329;
19997,0.62595806;
19998,0.63206329;
19998,0.63819983;
19998,0.64433636;
19998,0.66888251;
19998,0.68729212;
19998,0.69342866;
19997,0.71801071;
19998,0.68729212;
19998,0.71183827;
19998,0.71797481;
19998,0.73638442;
19998,0.74252095;
19998,0.74865749;
19998,0.77320364;
19997,0.78551599;
19998,0.77320364;
19998,0.78547671;
19998,0.82843247;
19998,0.79161325;
19998,0.82843247;
19998,0.82843247;
19997,0.85915811;
19998,0.83456901;
19998,0.84070554;
19998,0.84684208;
19998,0.85911515;
19998,0.86525169;
19998,0.88979784;
19998,0.92661706;
19997,0.88370549;
19998,0.89593437;
19998,0.91434398;
19998,0.92048052;
19998,0.93889013;
19998,0.96957282;
19998,0.93889013;
19997,0.95121077;
19998,0.96957282;
19998,0.98184589;
19998,0.96957282;
19998,   1.25550;
19998,0.98184589;
19998,0.96343628;
19998,0.99411896;
19997,0.98189499;
19998,0.99411896;
19998, 1.4321126;
19998, 1.1252857;
19998, 1.1252857;
19998, 1.3093818;
19998, 1.1866511;
19997, 1.4940027;
19998, 1.6775740;
19998, 1.3707472;
19998, 1.6775740;
19998, 1.7389394;
19998, 1.5548433;
19998, 1.9230355;
19997, 1.6781080;
19998, 1.6162087;
19998, 1.8616701;
19998, 1.8616701;
19998,1.11684970;
19998,1.12298624;
19998, 1.8003048;
19998,1.12298624;
19997, 1.8008449;
19998,1.12912277;
19998,1.13525931;
19998,1.12298624;
19998,1.14139585;
19998,1.12912277;
19998,1.14139585;
19998,1.15366892;
19997,1.11076871;
19998,1.14753238;
19998,1.13525931;
19998,1.13525931;
19998,1.18435160;
19998,1.13525931;
19998,1.14139585;
19998,1.15980546;
19997,1.15372661;
19998,1.20276121;
19998,1.15366892;
19998,1.17821507;
19998,1.17821507;
19998,1.18435160;
19998,1.20276121;
19997,1.15372661;
19998,1.18435160;
19998,1.19662468;
19998,1.19048814;
19998,1.23344390;
19998,1.19048814;
19998,1.20276121;
19997,1.22123189;
19998,1.20889775;
19998,1.26412658;
19998,1.22730736;
19998,1.23344390;
19998,1.21503429;
19998,1.26412658;
19998,1.22117082;
19997,1.22123189;
19998,1.26412658;
19998,1.22730736;
19998,1.27026312;
19998,1.24571697;
19998,1.23958043;
19998,1.23958043;
19997,1.24577927;
19998,1.29480927;
19998,1.23958043;
19998,1.25799005;
19998,1.24571697;
19998,1.26412658;
19998,1.25799005;
19998,1.22117082;
19997,1.28873717;
19998,1.28253619;
19998,1.27026312;
19998,1.23344390;
19998,1.25799005;
19998,1.27026312;
19998,1.28867273;
19997,1.30101086;
19998,1.23958043;
19998,1.28253619;
19998,1.26412658;
19998,1.30094580;
19998,1.25185351;
19998,1.28253619;
19997,1.25191611;
19998,1.28867273;
19998,1.30708234;
19998,1.23344390;
19998,1.27639966;
19998,1.28253619;
19998,1.30708234;
19998,1.30094580;
19997,1.25805295;
19998,1.29480927;
19998,1.30094580;
19998,1.32549195;
19998,1.25799005;
19998,1.31321888;
19998,1.30708234;
19998,1.34390156;
19997,1.28873717;
19998,1.29480927;
19998,1.33776502;
19998,1.35617463;
19998,1.35003810;
19998,1.28867273;
19998,1.35003810;
19998,1.32549195;
19997,1.36851614;
19998,1.30708234;
19998,1.35617463;
19998,1.34390156;
19998,1.36844771;
19998,1.33162849;
19998,1.31935541;
19997,1.41147405;
19998,1.41754000;
19998,1.36231117;
19998,1.35617463;
19998,1.38685732;
19998,1.38685732;
19998,1.38685732;
19997,1.35624245;
19998,1.41754000;
19998,1.39299385;
19998,1.40526693;
19998,1.37458424;
19998,1.38685732;
19998,1.40526693;
19998,1.42981308;
19997,1.35010561;
19998,1.39299385;
19998,1.40526693;
19998,1.40526693;
19998,1.37458424;
19998,1.38072078;
19998,1.44208615;
19997,1.38692667;
19998,1.39299385;
19998,1.38685732;
19998,1.42981308;
19998,1.43594961;
19998,1.39299385;
19998,1.36844771;
19998,1.43594961;
19997,1.42988458;
19998,1.41754000;
19998,1.36844771;
19998,1.43594961;
19998,1.41140347;
19998,1.43594961;
19998,1.38685732;
19998,1.45435922;
19997,1.44829511;
19998,1.44822269;
19998,1.38072078;
19998,1.44208615;
19998,1.42981308;
19998,1.45435922;
19998,1.38072078;
19997,1.46056880;
19998,1.44208615;
19998,1.46663230;
19998,1.42981308;
19998,1.44822269;
19998,1.47276883;
19998,1.46663230;
19997,1.41147405;
19998,1.47276883;
19998,1.45435922;
19998,1.48504191;
19998,1.42981308;
19998,1.46663230;
19998,1.48504191;
19998,1.47276883;
19997,1.43602142;
19998,1.49117844;
19998,1.49731498;
19998,1.46663230;
19998,1.46049576;
19998,1.48504191;
19998,1.46663230;
19998,1.48504191;
19997,1.44215826;
19998,1.50345152;
19998,1.50345152;
19998,1.52186113;
19998,1.46049576;
19998,1.48504191;
19998,1.50345152;
19997,1.48511617;
19998,1.46663230;
19998,1.51572459;
19998,1.50958805;
19998,1.47276883;
19998,1.46663230;
19998,1.52186113;
19997,1.49738986;
19998,1.49117844;
19998,1.50345152;
19998,1.49117844;
19998,1.50958805;
19998,1.45435922;
19998,1.48504191;
19998,1.52799766;
19997,1.52193723;
19998,1.44208615;
19998,1.49117844;
19998,1.50958805;
19998,1.52186113;
19998,1.47890537;
19998,1.50958805;
19997,1.48511617;
19998,1.51572459;
19998,1.48504191;
19998,1.52186113;
19998,1.50345152;
19998,1.50958805;
19998,1.46049576;
19998,1.52799766;
19997,1.52807408;
19998,1.52799766;
19998,1.47890537;
19998,1.52186113;
19998,1.52799766;
19998,1.47276883;
19998,1.50345152;
19997,1.52193723;
19998,1.51572459;
19998,1.47890537;
19998,1.48504191;
19998,1.52186113;
19998,1.54640727;
19998,1.45435922;
19998,1.48504191;
19997,1.50966354;
19998,1.49731498;
19998,1.44822269;
19998,1.50958805;
19998,1.49731498;
19998,1.49117844;
19998,1.44822269;
19997,1.49738986;
19998,1.53413420;
19998,1.49117844;
19998,1.46663230;
19998,1.50958805;
19998,1.51572459;
19998,1.47890537;
19998,1.45435922;
19997,1.51580039;
19998,1.48504191;
19998,1.49117844;
19998,1.46663230;
19998,1.46663230;
19998,1.52186113;
19998,1.48504191;
