19999,       0.0;
19999,       0.0;
19999,       0.0;
19999,       0.0;
19999,       0.0;
19999,       0.0;
19999,       0.0;
19999,       0.0;
19998,  0.773956;
19999,  0.613623;
19998,0.17182303;
19998,0.37432875;
19998,0.15341342;
19997, 0.8591581;
19998,0.16568649;
19998,0.15954996;
19998,0.22091532;
19998,0.23932494;
19998,0.27614416;
19998,0.28841723;
19997,0.34980009;
19998,0.36205567;
19998,0.39887489;
19998,0.44796719;
19998,0.48478641;
19998,0.53387870;
19998,0.57069792;
19998,0.61365368;
19997,0.64436859;
19998,0.67501905;
19998,0.72411134;
19998,0.73638442;
19998,0.77320364;
19998,0.80388632;
19998,0.85297862;
19997,0.88984233;
19998,0.90207091;
19998,0.93889013;
19998,0.95729974;
19998,0.98184589;
19998, 1.2480165;
19998, 1.9844009;
19998, 1.6162087;
19997, 1.9235817;
19998, 1.9844009;
19998,1.14139585;
19998,1.19048814;
19998,1.15366892;
19998,1.21503429;
19998,1.19662468;
19997,1.25191611;
19998,1.27639966;
19998,1.25799005;
19998,1.30094580;
19998,1.28253619;
19998,1.38072078;
19998,1.36231117;
19998,1.35003810;
19997,1.35624245;
19998,1.39299385;
19998,1.44208615;
19998,1.40526693;
19998,1.42981308;
19998,1.46049576;
19998,1.50345152;
19997,1.47284248;
19998,1.50345152;
19998,1.55254381;
19998,1.54640727;
19998,1.53413420;
19998,1.55254381;
19998,1.61390918;
19998,1.57095342;
19997,1.60171620;
19998,1.59549957;
19998,1.67527455;
19998,1.61390918;
19998,1.68141108;
19998,1.70595723;
19998,1.68141108;
19997,1.67535832;
19998,1.67527455;
19998,1.74891299;
19998,1.69368416;
19998,1.74277645;
19998,1.74891299;
19998,1.74277645;
19998,1.75504953;
19997,1.79809520;
19998,1.77345914;
19998,1.76118606;
19998,1.78573221;
19998,1.83482450;
19998,1.79186875;
19998,1.80414182;
19997,1.87173732;
19998,1.79800528;
19998,1.89005334;
19998,1.89618987;
19998,1.83482450;
19998,1.86550719;
19998,1.92073602;
19998,1.86550719;
19997,1.90855838;
19998,1.95141870;
19998,1.90232641;
19998,1.96369178;
19998,1.98210139;
19998,1.92687256;
19998,1.95755524;
19997,   2.61104;
19998,1.96982831;
19998,1.96982831;
19998, 2.3733022;
19998,1.98823792;
19998, 2.4960329;
19998, 2.5573983;
19998,   2.51100;
19997, 2.3129526;
19998, 2.8028598;
19998, 2.1892061;
19998, 2.9869559;
19998, 2.9869559;
19998, 2.8642251;
19998,2.11096866;
19997, 2.7425316;
19998, 2.8642251;
19998,2.15392442;
19998, 2.8642251;
19998,2.12324173;
19998,2.17233403;
19998,2.14165135;
19997,2.16016897;
19998,2.17847057;
19998,2.16006096;
19998,2.19074364;
19998,2.16006096;
19998,2.21528979;
19998,2.26438208;
19998,2.21528979;
19997,2.23994794;
19998,2.23369940;
19998,2.23983593;
19998,2.30120130;
19998,2.26438208;
19998,2.27665515;
19998,2.33188399;
19998,2.28279169;
19997,2.30745322;
19998,2.28279169;
19998,2.25824554;
19998,2.33188399;
19998,2.27665515;
19998,2.35029360;
19998,2.30733784;
19997,2.28904269;
19998,2.35029360;
19998,2.28892823;
19998,2.35643013;
19998,2.31347438;
19998,2.31347438;
19998,2.39324935;
19998,2.31347438;
19997,2.37495850;
19998,2.32574745;
19998,2.33188399;
19998,2.38711282;
19998,2.33802052;
19998,2.43620511;
19998,2.34415706;
19997,2.36882166;
19998,2.38711282;
19998,2.36256667;
19998,2.44234165;
19998,2.35643013;
19998,2.43620511;
19998,2.41779550;
19997,2.39950588;
19998,2.44847819;
19998,2.38711282;
19998,2.45461472;
19998,2.39324935;
19998,2.47916087;
19998,2.45461472;
19998,2.41779550;
19997,2.48542169;
19998,2.42393204;
19998,2.50370702;
19998,2.43006857;
19998,2.47916087;
19998,2.50370702;
19998,2.43006857;
19998,2.51598009;
19997,2.41177957;
19998,2.51598009;
19998,2.44234165;
19998,2.49757048;
19998,2.50984355;
19998,2.43620511;
19998,2.54052624;
19997,2.44246378;
19998,2.54666277;
19998,2.46688780;
19998,2.53438970;
19998,2.52825316;
19998,2.48529741;
19998,2.55279931;
19998,2.