;
19998,       0.0;
19998,       0.0;
19998,       0.0;
19998,       0.0;
19998,       0.0;
19998,       0.0;
19998,       0.0;
19997,       0.0;
19998,       0.0;
19998,       0.0;
19998,       0.0;
19998,       0.0;
19998,       0.0;
19998,       0.0;
19997,       0.0;
19998,       0.0;
19998,       0.0;
19998,       0.0;
19998,       0.0;
19998,       0.0;
19998,       0.0;
19998,       0.0;
19997,       0.0;
19998,       0.0;
19998,       0.0;
19998,       0.0;
19998,       0.0;
19998,       0.0;
19998,       0.0;
19997,       0.0;
19998,       0.0;
19998,       0.0;
19998,       0.0;
19998,       0.0;
19998,       0.0;
19998,       0.0;
19998,       0.0;
19997,       0.0;
19998,       0.0;
19998,       0.0;
19998,       0.0;
19998,       0.0;
19998,       0.0;
19998,       0.0;
19998,       0.0;
19997,       0.0;
19998,       0.0;
19998,       0.0;
19998,       0.0;
19998,       0.0;
19998,       0.0;
19998,       0.0;
19997,       0.0;
19998,       0.0;
19998,       0.0;
19998,       0.0;
19998,       0.0;
19998,       0.0;
19998,       0.0;
19997,       0.0;
19998,       0.0;
19998,       0.0;
19998,       0.0;
19998,       0.0;
19998,       0.0;
19998,       0.0;
19998,       0.0;
19997,       0.0;
19998,       0.0;
19998,       0.0;
19998,       0.0;
19998,       0.0;
19998,       0.0;
19998,       0.0;
19997,       0.0;
19998,       0.0;
19998,       0.0;
19998,       0.0;
19998,       0.0;
19998,       0.0;
19998,       0.0;
19998,       0.0;
19997,       0.0;
19998,       0.0;
19998,       0.0;
19998,       0.0;
19998,       0.0;
19998,       0.0;
19998,       0.0;
19997,       0.0;
19998,       0.0;
19998,       0.0;
19998,       0.0;
19998,       0.0;
19998,       0.0;
19998,       0.0;
19998,       0.0;
19997,       0.0;
19998,       0.0;
19998,       0.0;
19998,       0.0;
19998,       0.0;
19998,       0.0;
19998,       0.0;
19997,       0.0;
19998,       0.0;
19998,       0.0;
19998,       0.0;
19998,       0.0;
19998,       0.0;
19998,       0.0;
19998,       0.0;
19997,       0.0;
19998,       0.0;
19998,       0.0;
19998,       0.0;
19998,       0.0;
19998,       0.0;
19998,       0.0;
19998,       0.0;
19997,       0.0;
19998,       0.0;
19998,       0.0;
19998,       0.0;
19998,       0.0;
19998,       0.0;
19998,       0.0;
19997,       0.0;
19998,       0.0;
19998,       0.0;
19998,       0.0;
19998,       0.0;
19998,       0.0;
19998,       0.0;
19997,       0.0;
19998,       0.0;
19998,       0.0;
19998,       0.0;
19998,       0.0;
19998,       0.0;
19998,       0.0;
19998,       0.0;
19997,       0.0;
19998,       0.0;
19998,       0.0;
19998,       0.0;
19998,       0.0;
19998,       0.0;
19998,       0.0;
19997,       0.0;
19998,       0.0;
19998,       0.0;
19998,       0.0;
19998,       0.0;
19998,       0.0;
19998,       0.0;
19998,       0.0;
19997,       0.0;
19998,       0.0;
19998,       0.0;
19998,       0.0;
19998,       0.0;
19998,       0.0;
19998,       0.0;
19998,       0.0;
19997,       0.0;
19998,       0.0;
19998,       0.0;
19998,       0.0;
19998,       0.0;
19998,       0.0;
19998,       0.0;
19997,       0.0;
19998,       0.0;
19998,       0.0;
19998,       0.0;
19998,       0.0;
19998,       0.0;
19998,       0.0;
19997,       0.0;
19998,       0.0;
19998,       0.0;
19998,       0.0;
19998,       0.0;
19998,       0.0;
19998,       0.0;
19998,       0.0;
19997,       0.0;
19998,       0.0;
19998,       0.0;
19998,       0.0;
19998,       0.0;
19998,       0.0;
19998,       0.0;
19998,       0.0;
19997,       0.0;
19998,       0.0;
19998,       0.0;
19998,       0.0;
19998,       0.0;
19998,       0.0;
19998,       0.0;
19997,       0.0;
19998,       0.0;
19998,       0.0;
19998,       0.0;
19998,       0.0;
19998,       0.0;
19998,       0.0;
19998,       0.0;
19997,       0.0;
19998,       0.0;
19998,       0.0;
19998,       0.0;
19998,       0.0;
19998,       0.0;
19998,       0.0;
19997,       0.0;
19998,       0.0;
19998,       0.0;
19998,       0.0;
19998,       0.0;
19998,       0.0;
19998,       0.0;
19998,       0.0;
19997,       0.0;
19998,       0.0;
19998,       0.0;
19998,       0.0;
19998,       0.0;
19998,       0.0;
19998,       0.0;
19997,       0.0;
19998,       0.0;
19998,       0.0;
19998,       0.0;
19998,       0.0;
19998,       0.0;
19998,       0.0;
19998,       0.0;
19997,       0.0;
19998,       0.0;
19998,       0.0;
19998,       0.0;
19998,       0.0;
19998,       0.0;
19998,       0.0;
19997,       0.0;
19998,       0.0;
19998,       0.0;
19998,       0.0;
19998,       0.0;
19998,       0.0;
19998,       0.0;
19998,       0.0;
19997,       0.0;
19998,       0.0;
19998,       0.0;
19998,       0.0;
19998,       0.0;
19998,       0.0;
19998,       0.0;
19997,       0.0;
19998,       0.0;
19998,       0.0;
19998,       0.0;
19998,       0.0;
19998,       0.0;
19998,       0.0;
19998,       0.0;
19997,       0.0;
19998,       0.0;
19998,       0.0;
19998,       0.0;
19998,       0.0;
19998,       0.0;
19998,       0.0;
19997,       0.0;
19998,       0.0;
19998,       0.0;
19998,       0.0;
19998,       0.0;
19998,       0.0;
19998,       0.0;
19997,       0.0;
19998,       0.0;
19998,       0.0;
19998,       0.0;
19998,       0.0;
19998,       0.0;
19998,       0.0;
19998,       0.0;
19997,       0.0;
19998,       0.0;
19998,       0.0;
19998,       0.0;
19998,       0.0;
19998,       0.0;
19998,       0.0;
19998,       0.0;
19997,       0.0;
19998,       0.0;
19998,       0.0;
19998,       0.0;
19998,       0.0;
19998,       0.0;
19998,       0.0;
19997,       0.0;
19998,       0.0;
19998,       0.0;
19998,       0.0;
19998,       0.0;
19998,       0.0;
19998,  2,       0.0;
15856,       0.0;
19999,0.11045214;
19998,0.36205567;
19998,0.41114797;
19998,0.44183065;
19997,0.52776856;
19998,0.61365368;
19998,0.67501905;
19998,0.77320364;
19998,0.84684208;
19998,0.88366130;
19998,0.88979784;
19998, 1.1866511;
19997, 1.9235817;
19998,1.15366892;
19998,1.24571697;
19998,1.33776502;
19998,1.46049576;
19998,1.50345152;
19998,1.55254381;
19997,1.69376886;
19998,1.68754762;
19998,1.74277645;
19998,1.82255143;
19998,1.92073602;
19998,1.96982831;
19998,  2.664754;
19997, 2.8652685;
19998,2.11096866;
19998,2.20915325;
19998,2.23983593;
19998,2.23983593;
19998,2.37483974;
19998,2.36870321;
19998,2.46688780;
19997,2.47314800;
19998,2.52825316;
19998,2.59575507;
19998,2.57734546;
19998,2.70621273;
19998,2.69393966;
19998,2.76144156;
19998,2.74916849;
19997,2.81681125;
19998,2.83508000;
19998,2.90258191;
19998,2.92712806;
19998,2.98849342;
19998,2.98849342;
19998, 3.1917611;
19997, 3.1932709;
19998,3.12963377;
19998,3.11122416;
19998,3.17258953;
19998,3.15417992;
19998,3.23395490;
19998,3.21554529;
19997,3.30775874;
19998,3.30759334;
19998,3.32600295;
19998,3.36282217;
19998,3.31986641;
19998,3.43646061;
19998,3.39964139;
19997,3.47345352;
19998,3.50396252;
19998,3.47327983;
19998,3.55919135;
19998,3.53464520;
19998,3.58373749;
19998,3.63282979;
19998,3.58987403;
19998,3.68805862;
19997,3.67596936;
19998,3.68192208;
19998,3.76783360;
19998,3.75556052;
19998,3.77397014;
19998,3.82919897;
19998,3.78624321;
19997,3.84166414;
19998,3.88442780;
19998,3.85988165;
19998,3.92124702;
19998,3.94579317;
19998,3.91511048;
19998,3.95806624;
19998, 4.3784122;
19997, 4.1349577;
19998, 4.1943161;
19998, 4.7466044;
19998, 4.5625083;
19998, 4.6238737;
19998,4.12375273;
19997,4.15464317;
19998,4.14216234;
19998,4.16670849;
19998,4.21580079;
19998,4.20966425;
19998,4.20966425;
19998,4.23421040;
19998,4.25875654;
19997,4.25896951;
19998,4.25875654;
19998,4.34466806;
19998,4.35080459;
19998,4.33239498;
19998,4.30784884;
19998,4.36307767;
19998,4.36921421;
19997,4.38170639;
19998,4.39376035;
19998,4.43057957;
19998,4.44285265;
19998,4.44285265;
19998,4.44898918;
19998,4.49808148;
19997,4.51671695;
19998,4.50421802;
19998,4.48580840;
19998,4.51035455;
19998,4.55331031;
19998,4.55944685;
19998,4.55944685;
19997,4.58422223;
19998,4.61467568;
19998,4.62694875;
19998,4.61467568;
19998,4.60853914;
19998,4.61467568;
19998,4.64535836;
19998,4.67604105;
19998,4.68831412;
19997,4.68241173;
19998,4.70058719;
19998,4.72513334;
19998,4.74354295;
19998,4.73740641;
19998,4.74354295;
19998,4.74967949;
19997,4.76832754;
19998,4.78036217;
19998,4.80490832;
19998,4.79263524;
19998,4.77422563;
19998,4.79877178;
19998,4.81718139;
19998,4.82945447;
19997,4.83583282;
19998,4.86627369;
19998,4.84786408;
19998,4.86627369;
19998,4.89081983;
19998,4.89695637;
19998,4.92150252;
19997,4.89106441;
19998,4.95832174;
19998,4.95218520;
19998,4.93377559;
19998,4.93377559;
19998,4.93991213;
19998,4.94604867;
19998,4.96445828;
19997,4.96470654;
19998,4.97059481;
19998,4.95832174;
19998,4.98286789;
19998,  5.127750;
19998, 5.1968711;
19997, 5.1993813;
19998, 5.3809672;
19998, 5.1355057;
19998, 5.2582364;
19998, 5.5036979;
19998, 5.6264286;
19998, 5.6877940;
19998,5.11173516;
19997, 5.6289603;
19998,5.10559862;
19998, 5.9332555;
19998, 5.9946209;
19998, 5.9946209;
19998,5.11173516;
19998,5.14241784;
19998,5.14855438;
19997,5.12426447;
19998,5.15469092;
19998,5.12400823;
19998,5.15469092;
19998,5.14855438;
19998,5.17923706;
19998,5.19151014;
19998,5.19151014;
19997,5.22245397;
19998,5.18537360;
19998,5.22219282;
19998,5.22832936;
19998,5.20378321;
19998,5.20378321;
19997,5.20404344;
19998,5.20378321;
19998,5.24060243;
19998,5.21605628;
19998,5.23446589;
19998,5.25287551;
19998,5.23446589;
19998,5.28355819;
19997,5.24700134;
19998,5.22219282;
19998,5.25901204;
19998,5.26514858;
19998,5.28355819;
19998,5.32037741;
19998,5.29583126;
19998,5.33878702;
19997,5.28995925;
19998,5.28969473;
19998,5.29583126;
19998,5.30810434;
19998,5.30810434;
19998,5.31424087;
19998,5.28969473;
19998,5.33265048;
19997,5.33291716;
19998,5.31424087;
19998,5.36946970;
19998,5.32651395;
19998,5.34492356;
19998,5.35719663;
19998,5.32037741;
19997,5.35746453;
19998,5.39401585;
19998,5.36333317;
19998,5.35106009;
19998,5.34492356;
19998,5.33265048;
19998,5.35719663;
19997,5.35746453;
19998,5.38174278;
19998,5.33878702;
19998,5.35719663;
19998,5.38174278;
19998,5.35719663;
19998,5.39401585;
19998,5.39401585;
19997,5.36973822;
19998,5.39401585;
19998,5.43697161;
19998,5.38174278;
19998,5.39401585;
19998,5.39401585;
19998,5.39401585;
19997,5.42496981;
19998,5.43083507;
19998,5.45538122;
19998,5.46151776;
19998,5.47379083;
19998,5.43697161;
19998,5.44310815;
19998,5.40015239;
19997,5.43110666;
19998,5.41242546;
19998,5.40628893;
19998,5.43697161;
19998,5.42469854;
19998,5.44924468;
19998,5.46151776;
19997,5.44951719;
19998,5.43083507;
19998,5.47992737;
19998,5.43083507;
19998,5.49833698;
19998,5.47992737;
19998,5.45538122;
19998,5.44924468;
19997,5.45565403;
19998,5.44310815;
19998,5.46765429;
19998,5.47379083;
19998,5.46765429;
19998,5.46151776;
19998,5.46151776;
19997,5.45565403;
